90.5 799
89.5 792
88.5 788
87.5 779
86.5 774
85.5 768
84.5 757
83.5 753
82.5 744
81.5 733
80.5 724
79.5 717
78.5 715
77.5 707
76.5 699
75.5 689
74.5 683
73.5 667
72.5 664
71.5 661
70.5 649
69.5 643
68.5 637
67.5 628
66.5 620
65.5 612
64.5 603
63.5 595
62.5 587
61.5 579
60.5 569
59.5 560
58.5 552
57.5 544
56.5 535
55.5 527
54.5 516
53.5 508
52.5 500
51.5 491
50.5 482
49.5 473
48.5 464
47.5 455
46.5 446
45.5 435
44.5 428
43.5 425
42.5 418
41.5 408
40.5 400
39.5 391
38.5 383
37.5 372
36.5 365
35.5 356
34.5 346
33.5 338
32.5 328
31.5 319
30.5 309
29.5 300
28.5 290
27.5 280
26.5 271
25.5 261
24.5 251
23.5 245
22.5 240
21.5 230
20.5 220
19.5 210
18.5 201
17.5 190
16.5 180
15.5 170
14.5 160
13.5 149
12.5 138
11.5 127
10.5 117
9.5 106
8.5 95
5.5 68
4.5 56
3.5 45