95.5 4.07624633431085
94.5 4.051808406647116
93.5 4.0175953079178885
92.5 3.9882697947214076
91.5 3.9442815249266863
90.5 3.9051808406647117
89.5 3.870967741935484
88.5 3.8514173998044967
87.5 3.8074291300097753
86.5 3.7829912023460412
85.5 3.7536656891495603
84.5 3.699902248289345
83.5 3.6803519061583576
82.5 3.6363636363636362
81.5 3.5826001955034212
80.5 3.5386119257087
79.5 3.504398826979472
78.5 3.4946236559139785
77.5 3.455522971652004
76.5 3.4164222873900294
75.5 3.367546432062561
74.5 3.3382209188660803
73.5 3.260019550342131
72.5 3.2453567937438903
71.5 3.23069403714565
70.5 3.172043010752688
69.5 3.142717497556207
68.5 3.113391984359726
67.5 3.069403714565005
66.5 3.0303030303030303
65.5 2.9912023460410557
64.5 2.9472140762463344
63.5 2.90811339198436
62.5 2.8690127077223853
61.5 2.8299120234604107
60.5 2.7810361681329425
59.5 2.7370478983382207
58.5 2.697947214076246
57.5 2.6588465298142716
56.5 2.6148582600195502
55.5 2.5757575757575757
54.5 2.5219941348973607
53.5 2.482893450635386
52.5 2.4437927663734116
51.5 2.39980449657869
50.5 2.355816226783969
49.5 2.3118279569892475
48.5 2.267839687194526
47.5 2.2238514173998043
46.5 2.179863147605083
45.5 2.126099706744868
44.5 2.09188660801564
43.5 2.0772238514173997
42.5 2.043010752688172
41.5 1.9941348973607038
40.5 1.9550342130987293
39.5 1.911045943304008
38.5 1.8719452590420331
37.5 1.8181818181818181
36.5 1.7839687194525904
35.5 1.739980449657869
34.5 1.6911045943304008
33.5 1.6520039100684263
32.5 1.6031280547409579
31.5 1.5591397849462365
30.5 1.5102639296187683
29.5 1.466275659824047
28.5 1.4173998044965788
27.5 1.3685239491691104
26.5 1.324535679374389
25.5 1.2756598240469208
24.5 1.2267839687194526
23.5 1.1974584555229717
22.5 1.1730205278592376
21.5 1.1241446725317692
20.5 1.075268817204301
19.5 1.0263929618768328
18.5 0.9824046920821115
17.5 0.9286412512218963
16.5 0.8797653958944281
15.5 0.83088954056696
14.5 0.7820136852394917
13.5 0.7282502443792767
12.5 0.6744868035190615
11.5 0.6207233626588465
10.5 0.5718475073313783
9.5 0.5180840664711632
8.5 0.46432062561094817
5.5 0.33235581622678395
4.5 0.27370478983382207
3.5 0.21994134897360704
